{
 "cells": [
  {
   "cell_type": "code",
   "execution_count": null,
   "id": "7a5e2dca-67d4-4e80-a87a-1f97bace95b6",
   "metadata": {},
   "outputs": [],
   "source": [
    "# We wills sample a SO(3) matrix in a ball of radius r around identity. \n",
    "# This is same as the angle theta from theta_from_quat or theta_from_R"
   ]
  },
  {
   "cell_type": "code",
   "execution_count": 1,
   "id": "9166f4ad-e280-4c76-928f-806cb8634c8f",
   "metadata": {},
   "outputs": [],
   "source": [
    "import numpy as np"
   ]
  },
  {
   "cell_type": "code",
   "execution_count": 2,
   "id": "ac85d07c-ab13-47f3-93e0-288f7895c83a",
   "metadata": {},
   "outputs": [],
   "source": [
    "#Helper Functions:\n",
    "\n",
    "def normalize(q: np.ndarray) -> np.ndarray:\n",
    "    n = np.linalg.norm(q)\n",
    "    if n == 0:\n",
    "        raise ValueError(\"Zero quaternion cannot be normalized.\")\n",
    "    return q / n\n",
    "\n",
    "def quat_to_R(q: np.ndarray) -> np.ndarray:\n",
    "    \"\"\"\n",
    "    Map unit quaternion q=(w,x,y,z) to rotation matrix R in SO(3).\n",
    "    Assumes q is unit-length.\n",
    "    \"\"\"\n",
    "    w, x, y, z = q\n",
    "    R = np.array([\n",
    "        [1 - 2*(y*y + z*z),     2*(x*y - z*w),     2*(x*z + y*w)],\n",
    "        [    2*(x*y + z*w), 1 - 2*(x*x + z*z),     2*(y*z - x*w)],\n",
    "        [    2*(x*z - y*w),     2*(y*z + x*w), 1 - 2*(x*x + y*y)]\n",
    "    ], dtype=float)\n",
    "    return R\n",
    "\n",
    "def rotation_angle_from_R(R: np.ndarray) -> float:\n",
    "    \"\"\"\n",
    "    Return principal rotation angle theta in [0, pi] from a rotation matrix.\n",
    "    \"\"\"\n",
    "    tr = np.trace(R)\n",
    "    c = (tr - 1.0) / 2.0\n",
    "    c = float(np.clip(c, -1.0, 1.0))\n",
    "    return float(np.arccos(c))\n",
    "\n",
    "def rotation_angle_from_quat(q: np.ndarray) -> float:\n",
    "    \"\"\"\n",
    "    Return principal rotation angle theta in [0, pi] from a unit quaternion.\n",
    "    \"\"\"\n",
    "    w = float(q[0])\n",
    "    w = abs(w)  # because q and -q represent same rotation\n",
    "    w = np.clip(w, -1.0, 1.0)\n",
    "    return float(2.0 * np.arccos(w))\n",
    "\n",
    "def check_SO3(R: np.ndarray):\n",
    "    RtR = R.T @ R\n",
    "    ortho_err = np.linalg.norm(RtR - np.eye(3), ord='fro')\n",
    "    detR = float(np.linalg.det(R))\n",
    "    return (ortho_err <= 1e-8 and abs(detR - 1.0) <= 1e-8)\n",
    "    "
   ]
  },
  {
   "cell_type": "code",
   "execution_count": 3,
   "id": "8e0a77c6-3727-463f-9fe8-851fd79ea31f",
   "metadata": {},
   "outputs": [],
   "source": [
    "# Sampling:\n",
    "\n",
    "def sample_bounded_SO3(theta0: float, max_tries: int = 1_000_000) -> tuple[np.ndarray, np.ndarray]:\n",
    "    \"\"\"\n",
    "    Sample Haar-uniform on SO(3) conditioned on rotation angle <= theta0 (0 < theta0 <= pi),\n",
    "    using rejection sampling on S^3 (unit quaternions), then map to SO(3).\n",
    "\n",
    "    Returns:\n",
    "        q (unit quaternion with w >= 0),\n",
    "        R (3x3 rotation matrix)\n",
    "    \"\"\"\n",
    "    if not (0.0 < theta0 <= np.pi):\n",
    "        raise ValueError(\"theta0 must satisfy 0 < theta0 <= pi.\")\n",
    "    c = np.cos(theta0 / 2.0)\n",
    "\n",
    "    for _ in range(max_tries):\n",
    "        # Sample uniform on S^3 by normalizing a 4D Gaussian\n",
    "        q = np.random.normal(size=4)\n",
    "        q = normalize(q)\n",
    "\n",
    "        # Fix the double-cover: choose canonical representative with w >= 0\n",
    "        if q[0] < 0:\n",
    "            q = -q\n",
    "\n",
    "        # Bounded condition (cap around north pole in S^3)\n",
    "        if q[0] >= c:\n",
    "            R = quat_to_R(q)\n",
    "            return q, R\n",
    "\n",
    "    raise RuntimeError(\"Failed to sample within max_tries. Try increasing max_tries or theta0.\")\n"
   ]
  },
  {
   "cell_type": "code",
   "execution_count": 4,
   "id": "a0c9cb91-b670-41e0-948a-68dbf5d639bc",
   "metadata": {},
   "outputs": [],
   "source": [
    "#Validation:\n",
    "\n",
    "def check_bounded_and_SO3(q: np.ndarray, R: np.ndarray, theta0: float, tol: float = 1e-10) -> dict:\n",
    "    \"\"\"\n",
    "    Checks:\n",
    "      1) q is unit and satisfies bounded angle <= theta0 (via quaternion)\n",
    "      2) R is in SO(3): R^T R ~ I and det(R) ~ 1\n",
    "      3) The rotation angle from R is also <= theta0 (consistency)\n",
    "\n",
    "    Returns a dict with diagnostics.\n",
    "    \"\"\"\n",
    "    # Quaternion checks\n",
    "    q_norm = np.linalg.norm(q)\n",
    "    theta_q = rotation_angle_from_quat(q)\n",
    "\n",
    "    # Matrix checks\n",
    "    RtR = R.T @ R\n",
    "    ortho_err = np.linalg.norm(RtR - np.eye(3), ord='fro')\n",
    "    detR = float(np.linalg.det(R))\n",
    "    theta_R = rotation_angle_from_R(R)\n",
    "\n",
    "    return {\n",
    "        \"q_norm\": q_norm,\n",
    "        \"theta_from_quat\": theta_q,\n",
    "        \"theta_from_R\": theta_R,\n",
    "        \"bounded_ok_quat\": (theta_q <= theta0 + tol),\n",
    "        \"bounded_ok_R\": (theta_R <= theta0 + tol),\n",
    "        \"orthogonality_fro_error\": ortho_err,\n",
    "        \"detR\": detR,\n",
    "        \"SO3_ok\": (ortho_err <= 1e-8 and abs(detR - 1.0) <= 1e-8),\n",
    "    }"
   ]
  },
  {
   "cell_type": "code",
   "execution_count": 5,
   "id": "70c1b1a9-062a-43d8-8180-3d797d9820b8",
   "metadata": {},
   "outputs": [
    {
     "name": "stdout",
     "output_type": "stream",
     "text": [
      "Quaternion q = [0.99023098 0.00770989 0.13814895 0.01726384]\n",
      "Rotation matrix R =\n",
      " [[ 0.96123365 -0.03206014  0.27386495]\n",
      " [ 0.03632059  0.99928504 -0.01049917]\n",
      " [-0.27333254  0.0200391   0.96171085]]\n",
      "\n",
      "Checks:\n",
      "  q_norm: 1.0\n",
      "  theta_from_quat: 0.2797852278354496\n",
      "  theta_from_R: 0.2797852278354507\n",
      "  bounded_ok_quat: True\n",
      "  bounded_ok_R: True\n",
      "  orthogonality_fro_error: 1.7118568719420824e-16\n",
      "  detR: 1.0\n",
      "  SO3_ok: True\n",
      "[[ 0.95284276 -0.2849906  -0.10426426]\n",
      " [ 0.27885627  0.95780558 -0.0696251 ]\n",
      " [ 0.11970739  0.03726703  0.99210953]]\n",
      "True\n",
      "[[ 0.96290006 -0.08426858  0.25636357]\n",
      " [ 0.08441131  0.99637601  0.01046771]\n",
      " [-0.25631661  0.01156062  0.96652374]]\n",
      "True\n",
      "[[ 0.98820481  0.11532167  0.10075792]\n",
      " [-0.10438912  0.98868046 -0.10776766]\n",
      " [-0.11204533  0.09597849  0.98905711]]\n",
      "True\n",
      "[[ 0.99117814 -0.07597316  0.10860006]\n",
      " [ 0.07861511  0.99669935 -0.02025031]\n",
      " [-0.10670313  0.02860927  0.99387924]]\n",
      "True\n",
      "[[ 0.99782509  0.06581428 -0.00368333]\n",
      " [-0.06474117  0.96798236 -0.24252575]\n",
      " [-0.01239626  0.24223675  0.97013798]]\n",
      "True\n"
     ]
    }
   ],
   "source": [
    "if __name__ == \"__main__\":\n",
    "    n = 5 # number of matrices\n",
    "    theta0 = np.deg2rad(20.0)  # bound: 20 degrees\n",
    "    q, R = sample_bounded_SO3(theta0)\n",
    "\n",
    "    info = check_bounded_and_SO3(q, R, theta0)\n",
    "    print(\"Quaternion q =\", q)\n",
    "    print(\"Rotation matrix R =\\n\", R)\n",
    "    print(\"\\nChecks:\")\n",
    "    for k, v in info.items():\n",
    "        print(f\"  {k}: {v}\")\n",
    "\n",
    "    SO3_matrices = []\n",
    "    for i in range(n):\n",
    "        _, R = sample_bounded_SO3(theta0)\n",
    "        print(R)\n",
    "        print(check_SO3(R))\n",
    "        SO3_matrices.append(R)\n",
    "        "
   ]
  },
  {
   "cell_type": "code",
   "execution_count": null,
   "id": "f24e80ef-8274-4bcd-9e02-1b618cec04b4",
   "metadata": {},
   "outputs": [],
   "source": []
  }
 ],
 "metadata": {
  "kernelspec": {
   "display_name": "Python 3 (ipykernel)",
   "language": "python",
   "name": "python3"
  },
  "language_info": {
   "codemirror_mode": {
    "name": "ipython",
    "version": 3
   },
   "file_extension": ".py",
   "mimetype": "text/x-python",
   "name": "python",
   "nbconvert_exporter": "python",
   "pygments_lexer": "ipython3",
   "version": "3.12.7"
  }
 },
 "nbformat": 4,
 "nbformat_minor": 5
}
